05=5
R{0,5}:
Table[0][5] <- 9999
j=0; accum=0; target-accum=5
j=1; accum=5; target-accum=0
end of loop:(4)  C{0,5} R{1,5} C{0,5} R{2,0} 
R{2,0}:
value <- 0
C{0,5}:
Table[0][5] <- 1
value <- 1
R{1,5}:
Table[1][5] <- 9999
j=1; accum=5; target-accum=0
end of loop:(3)  C{0,5} C{1,5} R{2,0} 
R{2,0}:
value <- 0
C{1,5}:
Table[1][5] <- 1
value <- 1
C{0,5}:
Table[0][5] <- 1
value <- 1
0
